printing dataset:
[[4.3755e+04 3.9014e+04 3.5000e+00 ... 1.1500e+02 1.9700e+02 7.2000e+01]
 [4.6100e+04 4.1100e+04 3.5000e+00 ... 1.1500e+02 1.9700e+02 7.2000e+01]
 [3.6945e+04 3.3337e+04 3.5000e+00 ... 1.0600e+02 1.8900e+02 7.7000e+01]
 ...
 [2.6135e+04 2.4641e+04 1.9000e+00 ... 1.0100e+02 1.8000e+02 6.8000e+01]
 [3.5145e+04 3.3112e+04 2.5000e+00 ... 1.0900e+02 1.8600e+02 7.3000e+01]
 [4.1250e+04 3.8851e+04 2.9000e+00 ... 1.1300e+02 1.8900e+02 7.5000e+01]]

printing std deviation: 
[19699.134067678675, 17878.036183739125, 1.0130028838018792, 1.48825545049688, 70.17198428644103, 5.25552937775593, 5.6287184158872465, 705.0908824931474, 7.0773915476576805, 13.22088421173803, 3.3639739099541615]

printing means: 
[33231.18087855297, 30440.653746770025, 3.1273901808785536, 5.757105943152455, 214.44444444444446, 20.31266149870801, 27.26356589147287, 3532.4573643410854, 107.21188630490956, 184.96124031007753, 71.27648578811369]

printing normailized data: 
[[ 0.5342275   0.47954631  0.36782701 ...  1.10042148  0.91058658
   0.21507724]
 [ 0.65326826  0.59622579  0.36782701 ...  1.10042148  0.91058658
   0.21507724]
 [ 0.18852702  0.16200584  0.36782701 ... -0.17123347  0.30548333
   1.70141457]
 ...
 [-0.36022806 -0.32440105 -1.21163543 ... -0.87770844 -0.37525783
  -0.97399263]
 [ 0.09715245  0.14942056 -0.61933701 ...  0.25265151  0.07856961
   0.5123447 ]
 [ 0.40706455  0.47042898 -0.22447141 ...  0.81783149  0.30548333
   1.10687963]]

printing covariance: 
[[ 1.          0.99912697  0.59941603  0.65435396  0.83507354 -0.48521321
  -0.46929101  0.47599389  0.2033541   0.20955305  0.31300271]
 [ 0.99912697  1.          0.59362503  0.65087835  0.83265013 -0.48197957
  -0.4658793   0.47196255  0.20336073  0.20687806  0.30578557]
 [ 0.59941603  0.59362503  1.          0.91144092  0.77861667 -0.70537718
  -0.70740807  0.81164046  0.63146985  0.6245811   0.72609915]
 [ 0.65435396  0.65087835  0.91144092  1.          0.79114362 -0.67051368
  -0.66418858  0.73118102  0.55269251  0.54636341  0.61883429]
 [ 0.83507354  0.83265013  0.77861667  0.79114362  1.         -0.67180055
  -0.65046797  0.6310581   0.39662596  0.38142565  0.49944686]
 [-0.48521321 -0.48197957 -0.70537718 -0.67051368 -0.67180055  1.
   0.94111867 -0.73616563 -0.48112635 -0.46758621 -0.58688727]
 [-0.46929101 -0.4658793  -0.70740807 -0.66418858 -0.65046797  0.94111867
   1.         -0.78860686 -0.45460932 -0.38910914 -0.58274059]
 [ 0.47599389  0.47196255  0.81164046  0.73118102  0.6310581  -0.73616563
  -0.78860686  1.          0.75091534  0.65289325  0.80662748]
 [ 0.2033541   0.20336073  0.63146985  0.55269251  0.39662596 -0.48112635
  -0.45460932  0.75091534  1.          0.86652887  0.75683864]
 [ 0.20955305  0.20687806  0.6245811   0.54636341  0.38142565 -0.46758621
  -0.38910914  0.65289325  0.86652887  1.          0.75135738]
 [ 0.31300271  0.30578557  0.72609915  0.61883429  0.49944686 -0.58688727
  -0.58274059  0.80662748  0.75683864  0.75135738  1.        ]]

printing eigenvalue: 
[7.10463843e+00 1.88392477e+00 8.49728285e-01 3.57015489e-01
 2.75435593e-01 1.97943715e-01 7.90354739e-04 1.40519209e-01
 3.69773622e-02 8.66388119e-02 6.63879807e-02]

printing eigenvector: 
[[ 2.63750443e-01  4.68508698e-01 -2.54974141e-01 -2.79883716e-01
   4.97451938e-02 -3.24927801e-02  7.09294413e-01  2.22419660e-01
  -2.42228043e-02  5.17333383e-02 -9.06977418e-02]
 [ 2.62318639e-01  4.70146585e-01 -2.57250393e-01 -2.87719583e-01
   3.68199647e-02 -4.85577636e-02 -7.04647310e-01  2.19443746e-01
  -2.82966805e-02  6.69249641e-02 -8.66844197e-02]
 [ 3.47080492e-01 -1.53471865e-02 -4.71942200e-02  5.25370845e-01
   5.19954707e-02 -5.36650683e-03 -9.55061652e-03  5.17242393e-02
   1.09972893e-02 -3.58461569e-01 -6.83332423e-01]
 [ 3.34188758e-01  7.80320109e-02 -8.14492644e-02  6.39799561e-01
  -1.25728799e-01 -9.28937427e-02  3.85797508e-03  2.39974294e-01
   4.14078528e-03  4.23251772e-01  4.52827436e-01]
 [ 3.18602258e-01  2.92213476e-01 -7.63808718e-02  5.83430897e-02
  -1.19916969e-01  2.08117703e-01 -1.00131090e-03 -8.13529057e-01
  -1.05747481e-02 -1.80257941e-01  2.27458995e-01]
 [-3.10481727e-01 -3.36593576e-03 -5.35062956e-01  1.86275569e-01
   3.25728373e-01 -2.48202294e-01  4.69692204e-04 -9.25494573e-02
  -6.03612624e-01 -1.66248559e-01  1.19762499e-01]
 [-3.06588639e-01 -1.09644601e-02 -5.98997665e-01  1.25744402e-01
   3.97468830e-02  8.17319322e-02 -2.66447926e-03 -5.68740906e-02
   7.20867745e-01  4.47846623e-03 -1.00639707e-02]
 [ 3.36329367e-01 -1.67463572e-01  1.12218654e-01 -1.19546112e-01
   3.97216980e-01 -5.41582756e-01 -2.01399577e-03  3.77449129e-02
   3.04350252e-01 -4.17049636e-01  3.35965459e-01]
 [ 2.66210034e-01 -4.18177107e-01 -2.64453449e-01 -2.20703971e-01
  -2.24878406e-01 -4.49967732e-01  1.29305351e-02 -2.99473707e-01
  -4.13677328e-02  4.58409091e-01 -2.84378470e-01]
 [ 2.56790188e-01 -4.08411381e-01 -3.44707949e-01 -1.68494079e-01
  -4.56315239e-01  3.14058641e-01 -2.54805638e-03  2.77516453e-01
  -1.36883007e-01 -4.06364770e-01  2.28686539e-01]
 [ 2.96054591e-01 -3.12891350e-01 -8.75917569e-02 -9.06565824e-02
   6.62589129e-01  5.30956852e-01 -9.02420273e-03 -1.88872054e-02
  -3.58721886e-02  2.75417442e-01 -6.36188201e-03]]

projection of X onto PCA
[[ 1.56744306e+00 -4.47272458e-01]
 [ 1.63564834e+00 -3.39731947e-01]
 [ 1.90661858e+00 -4.11138604e-01]
 [ 1.59019865e+00  3.86257937e+00]
 [-2.65476353e+00  6.54451333e-01]
 [ 4.41242547e-01  8.11070504e-02]
 [-1.53811110e+00  2.83394434e-02]
 [-2.03640834e+00 -6.19046098e-02]
 [-1.53394298e+00  2.32204207e-01]
 [ 1.50991568e-01  8.01869007e-01]
 [-4.10093263e-01  4.70936361e-01]
 [-2.26164654e-02  5.25802776e-01]
 [ 2.28169406e-02  5.68508346e-01]
 [ 5.22114268e-01  8.47423195e-01]
 [ 9.05782150e-01  2.53106125e-01]
 [ 3.47286547e-01 -1.13869504e-01]
 [ 9.14388643e-01 -1.80059778e-02]
 [ 8.08716278e-01 -3.78180128e-02]
 [ 2.49964082e+00  7.93726953e-01]
 [ 4.38344059e+00  3.93265772e-01]
 [ 2.35761304e+00  1.78208990e+00]
 [ 2.39109462e+00  1.76266442e+00]
 [ 4.91430218e+00  2.49237832e+00]
 [-1.96412664e+00  1.36078254e+00]
 [-1.78272147e+00  1.60971348e+00]
 [-5.64239760e-01  1.84375837e+00]
 [-1.03294129e+00  2.42470970e-01]
 [-9.62551800e-01  3.26467767e-01]
 [-4.28806109e-01  5.88408164e-01]
 [-7.02732308e-01  2.72964337e-01]
 [-5.15310364e-01  3.67353740e-01]
 [-4.71163505e-01  7.93574640e-01]
 [ 6.93272831e-02  1.03683746e+00]
 [-5.11275112e-01  7.22003815e-01]
 [-3.15599993e-01  7.60359057e-01]
 [ 3.94494823e-01 -5.04894522e-01]
 [ 7.38639027e-01 -1.18152709e-01]
 [ 2.88802054e+00  7.86909826e-01]
 [ 3.99822210e+00  6.92305960e-01]
 [ 4.45177167e+00  3.81480982e-01]
 [ 1.15868104e+00  1.57737651e+00]
 [ 1.61237188e+00  1.89322005e+00]
 [ 1.04083449e+00 -3.87099227e-02]
 [ 3.47011998e+00  7.22935891e-01]
 [-1.51289496e+00  1.47226832e+00]
 [-1.04624342e+00  1.95840983e+00]
 [-2.32194350e-01 -1.21785109e+00]
 [ 7.13481551e-01 -1.37173033e+00]
 [ 8.79781112e-01 -1.10112676e+00]
 [ 1.35165449e+00 -1.42405605e+00]
 [ 1.88367522e+00 -1.05996284e+00]
 [ 2.68268633e+00 -7.12040476e-01]
 [ 8.02687562e-01 -7.30544679e-01]
 [ 2.64888170e-01 -1.05099786e+00]
 [ 6.71711738e-01 -1.15282019e+00]
 [ 9.69373549e-01 -4.36005164e-01]
 [ 2.99266846e+00 -5.64883118e-01]
 [ 3.27288686e+00 -2.28630241e-01]
 [ 5.17444141e+00 -7.27837069e-01]
 [ 2.92086507e+00 -1.79874746e-01]
 [ 3.50393084e+00  4.87433867e-02]
 [ 2.90772571e+00  2.81013148e+00]
 [-4.53334106e+00  2.90419580e-01]
 [ 2.43427168e+00 -1.67554143e+00]
 [-4.79149398e+00  7.71420997e-01]
 [-3.20754912e+00 -6.14346171e-01]
 [-3.26199185e+00 -5.25672364e-01]
 [-3.15942711e+00 -5.28477218e-01]
 [ 2.46188769e+00  1.24338576e+00]
 [ 2.64643439e+00  1.57046505e+00]
 [-5.64569406e-02 -1.51873300e+00]
 [ 4.27778186e-01 -1.29127685e+00]
 [ 9.78809861e-01 -1.00709398e+00]
 [-2.26370423e+00 -8.81770289e-01]
 [-6.88682682e-01 -5.23318457e-01]
 [-7.63543834e-01 -3.81229242e-01]
 [-3.35613555e-01 -8.25805107e-01]
 [-1.56944850e-01 -1.43086021e+00]
 [ 5.75210220e-01 -1.25141888e+00]
 [ 5.59372841e+00 -2.60046826e+00]
 [ 4.65529650e+00 -1.17816464e+00]
 [-1.82799619e+00  9.99564181e-01]
 [ 2.31803627e+00 -1.00185215e+00]
 [ 3.53384486e-01 -8.66921968e-01]
 [ 1.14457520e+00 -1.00206650e+00]
 [ 1.29140843e+00 -8.34876582e-01]
 [ 3.47656443e-01 -1.76562067e+00]
 [ 1.09965378e+00 -1.52615507e+00]
 [-8.40643142e-01  1.81599548e+00]
 [ 2.54756113e+00 -1.86981056e+00]
 [-2.58378347e+00  1.70047811e-01]
 [-1.82948473e+00  8.18818258e-01]
 [-2.47450493e+00  3.60678231e-01]
 [-1.60870534e+00 -1.14651235e+00]
 [-5.65220460e-01 -7.14487589e-01]
 [-1.98909877e+00 -2.19480543e-01]
 [-4.06210077e-01 -1.20944223e-01]
 [ 1.64251636e+00 -2.43742881e+00]
 [ 2.49975001e+00 -1.84525705e+00]
 [-1.48613912e-02 -2.14341420e+00]
 [ 3.60500561e+00 -1.85179536e+00]
 [ 2.39811223e+00 -2.14527307e+00]
 [ 1.08634668e+00 -1.57612202e+00]
 [ 2.96539999e-01 -1.83379834e+00]
 [-3.79056785e+00 -2.75748807e-01]
 [-3.73260984e+00 -2.21323659e-01]
 [-1.44431200e+00 -1.15824017e+00]
 [-1.40969996e+00 -1.08885778e+00]
 [ 2.80035990e+00 -2.31457574e+00]
 [ 2.87386028e+00 -2.18348858e+00]
 [ 3.02029255e+00 -1.98126880e+00]
 [-5.56684509e-01  2.44267852e-01]
 [ 4.10184280e+00 -2.19314948e+00]
 [ 1.80516325e+00 -1.02210935e+00]
 [-3.95050227e+00 -6.55720874e-02]
 [-3.59072066e+00  1.07155046e-01]
 [-2.67386392e+00  4.28807288e-01]
 [-3.29614914e+00 -1.27223318e-01]
 [-3.54694020e+00  9.27400064e-02]
 [-3.64673120e+00  6.81727363e-04]
 [ 2.16632153e+00 -2.40284686e+00]
 [-5.21554615e-01 -4.74031989e-01]
 [ 1.22161854e+00  4.17525374e-01]
 [-2.04479187e-01 -1.45818252e+00]
 [ 4.96742259e-02 -1.41266014e+00]
 [ 1.82587169e-01 -1.15630110e+00]
 [ 1.75029340e+00  4.50247531e-01]
 [ 3.68921496e+00 -2.48458109e+00]
 [ 1.99056727e+00 -1.64975444e+00]
 [ 4.15185785e+00 -1.54140042e+00]
 [ 6.74196916e+00 -2.59944775e+00]
 [-2.17287603e+00 -6.80145097e-01]
 [-3.98989939e-01 -7.60402228e-02]
 [-2.26192485e+00 -7.81334251e-01]
 [-2.18102093e-01 -5.72894970e-01]
 [-4.00126616e+00 -1.19508003e-01]
 [-4.39883279e+00 -2.52381246e-01]
 [-4.89634024e+00 -2.31457617e-01]
 [-4.20307600e+00 -2.41314223e-01]
 [-3.21807286e+00  5.60102277e-01]
 [-5.72150410e+00 -2.09570276e-01]
 [-1.68117329e+00 -3.21077353e-01]
 [-1.69040962e+00 -1.22520414e-01]
 [-8.69520656e+00  9.61751168e-01]
 [ 1.92730333e+00 -1.93787124e+00]
 [ 1.83464108e+00 -2.04333047e+00]
 [ 1.54734354e+00 -9.13780949e-01]
 [-1.89945869e+00  1.82937995e+00]
 [ 6.75491429e+00 -1.33766133e+00]
 [-4.69603286e+00  3.87275288e-01]
 [-4.64712746e+00  4.36414859e-01]
 [-4.62105094e+00  4.29601030e-01]
 [-3.35966280e+00 -3.53945546e-01]
 [-3.31798672e+00 -2.79581416e-01]
 [-3.28793562e+00 -2.94544317e-01]
 [-6.52372200e-01 -3.66316591e-01]
 [-6.69353548e-01 -8.17020711e-01]
 [-6.44138435e-01 -7.72041762e-01]
 [-1.47494619e+00  2.78657943e-01]
 [ 4.01739492e-01 -8.58976712e-01]
 [ 4.44158389e-01 -7.83291934e-01]
 [ 1.98688604e+00 -6.04108892e-01]
 [ 3.32079950e+00 -3.50680684e-01]
 [ 3.93870584e-01 -1.12044195e-01]
 [ 7.27382884e-01 -1.05157765e-01]
 [ 6.62617497e-01 -3.73565661e-03]
 [ 4.38511858e-01 -7.93805809e-02]
 [ 2.60149089e+00  5.84781324e-01]
 [ 3.35546972e+00  4.67552705e-01]
 [ 3.74817848e+00 -2.55799791e+00]
 [ 3.54082925e-02 -3.28055533e-01]
 [ 1.20275004e+00 -1.93666613e-01]
 [ 2.43134693e+00  4.02854434e-01]
 [ 3.57717780e+00  1.39642830e+00]
 [ 3.29940874e+00  7.49792368e-01]
 [-3.34282717e-01 -3.96408482e-02]
 [ 1.99349721e-01  2.70435625e-01]
 [ 3.05873910e+00  3.20367418e-01]
 [ 4.24184144e+00  1.40983721e+00]
 [ 2.35568386e+00  2.39918275e+00]
 [ 2.58526651e+00  2.59001338e+00]
 [ 3.43502842e+00  3.35821627e+00]
 [ 3.65316303e+00  3.55474706e+00]
 [ 7.84108157e-01 -2.52691738e-01]
 [-1.21383648e+00 -5.64699043e-01]
 [-8.30655951e-01  1.85213795e+00]
 [-1.83839991e+00 -1.19182719e+00]
 [-7.41006302e-01 -8.42034551e-01]
 [-4.32447630e+00  4.37198178e-01]
 [-4.48815081e+00  4.05035435e-01]
 [-4.42288317e+00  4.73599447e-01]
 [ 1.70626394e+00 -2.03850857e+00]
 [ 7.53647864e-01 -8.33639810e-01]
 [-3.36417731e+00 -3.57484381e-01]
 [-3.31831056e+00 -3.02849592e-01]
 [-3.28491939e+00 -2.55244247e-01]
 [ 2.75022807e+00  3.40432530e-01]
 [-4.88314352e-01  2.15106031e-01]
 [ 5.10153978e+00  7.34918191e-01]
 [ 9.93930775e-02 -1.45492022e-01]
 [ 6.99209943e-01  8.85814496e-02]
 [ 2.28554605e+00  8.30788627e-01]
 [ 3.18416200e+00 -5.61841424e-02]
 [-4.59022857e-01  6.38296410e-01]
 [-3.54191411e-01  6.97443181e-01]
 [-2.93502457e-01  6.69652922e-01]
 [ 2.88476921e+00  4.24993370e-01]
 [ 4.66460780e+00  1.79701776e-01]
 [ 2.34197774e+00  2.14972228e+00]
 [ 1.05713434e+00  2.69640846e-02]
 [ 4.05206388e+00 -4.48212120e-01]
 [ 8.52162044e-01 -8.74458274e-01]
 [ 9.69177160e-01 -6.65674275e-01]
 [ 2.35734578e+00 -2.37564735e-01]
 [ 2.44776656e+00 -7.62316447e-02]
 [ 5.88458627e+00 -1.39089792e+00]
 [ 3.65064149e+00 -1.77141367e+00]
 [ 3.73334990e+00 -1.62384134e+00]
 [ 4.27313133e+00 -1.92551735e+00]
 [-2.16309964e+00 -6.78984847e-01]
 [ 5.25020324e-01 -7.57643153e-01]
 [-3.92353051e+00  1.84269442e+00]
 [-3.84806035e+00  1.97735892e+00]
 [-1.99785247e+00 -3.37624612e-01]
 [ 1.37655823e+00  2.04217537e+00]
 [-1.96674420e+00  8.16366577e-02]
 [-5.55695633e-01  3.88844413e-01]
 [-7.27217807e-01  3.72861291e-01]
 [-6.35699221e-01  4.31389546e-01]
 [-1.75159354e-01  7.94237217e-01]
 [-3.75950190e-01  3.52947993e-01]
 [-1.71846863e-01  7.17145577e-01]
 [ 4.53421147e+00  2.41628694e+00]
 [ 8.01434732e+00  4.95491383e+00]
 [ 3.72281222e-01  8.44841148e-01]
 [ 2.33967687e+00  1.69478133e+00]
 [ 1.14053547e+00  3.79264873e-01]
 [ 9.15061679e-01  3.37279899e-01]
 [ 3.31103826e+00  1.22162413e+00]
 [ 3.24006692e+00  1.16580646e+00]
 [ 4.91688280e+00  1.82308824e+00]
 [ 3.58463919e+00  5.22595102e-01]
 [ 3.86180066e+00  6.11227666e-01]
 [ 4.90311072e+00  1.27401236e+00]
 [ 3.55570811e+00  3.60184197e+00]
 [ 5.74723726e+00  5.86194668e+00]
 [ 7.03712661e+00  6.26411638e+00]
 [-2.21505312e+00  2.15119834e+00]
 [ 3.80037947e-01  3.63783709e+00]
 [ 2.80795786e+00 -2.29557071e+00]
 [ 2.93124193e+00 -2.07565773e+00]
 [ 2.96581458e+00 -2.01397154e+00]
 [ 3.59284655e+00 -1.54840452e+00]
 [ 2.60267189e+00 -2.08480223e+00]
 [ 1.65841641e+00 -9.87046802e-01]
 [ 5.37345872e-02 -1.39561615e+00]
 [-1.33419668e-01 -1.46468708e+00]
 [ 2.53486191e-01 -1.16306876e+00]
 [-4.84786750e+00  1.24930502e+00]
 [-4.11663112e+00  1.53183946e+00]
 [ 3.62696224e-01 -3.56078627e-01]
 [-1.02912104e+00  5.10964197e-01]
 [-9.51593724e-01  5.89425541e-01]
 [ 1.44849715e+00 -7.58968071e-01]
 [ 6.30220638e-01 -6.08388068e-01]
 [-9.26458516e-01  6.14657700e-01]
 [ 2.15055676e+00 -9.18300038e-01]
 [-1.91213626e+00 -2.73060693e-01]
 [-9.40171491e-02  7.21174625e-01]
 [ 2.18068354e-01  1.01673913e+00]
 [-1.23594798e+00 -1.05023030e+00]
 [ 5.52795495e-02 -5.16867553e-01]
 [ 5.89437533e-01 -6.14670872e-01]
 [ 6.43153017e-01 -5.22091493e-01]
 [ 9.25769686e-01 -6.85287387e-01]
 [ 8.91210734e-01 -1.44686537e-01]
 [ 5.06559685e+00 -2.18135172e+00]
 [ 2.04339105e+00 -2.60030528e+00]
 [ 2.44540334e+00 -2.26047849e+00]
 [-3.93750441e+00 -1.46153219e-01]
 [-3.85566517e+00 -7.41865733e-02]
 [-2.59782885e+00  1.91596223e-01]
 [-3.61214832e-02 -2.27280234e-01]
 [-6.83455800e-01 -4.67899555e-01]
 [-2.26725794e+00 -8.71312403e-01]
 [ 1.09219806e+00 -1.74700627e+00]
 [ 1.78273519e-01 -9.33977355e-01]
 [ 4.35126082e+00  5.57073760e-01]
 [-6.93896425e-01 -4.76563806e-01]
 [ 4.07529257e-01 -1.44744497e+00]
 [ 4.61823030e-01 -1.35818817e+00]
 [ 3.18313493e-01 -1.04271317e+00]
 [ 1.59700782e+00 -1.79353290e+00]
 [-2.88369521e+00 -4.79067832e-01]
 [-2.82444668e+00 -3.73356340e-01]
 [-3.60757465e+00 -1.87121978e-01]
 [ 1.03263332e+00  3.90131635e+00]
 [ 1.53737294e+00  3.89209325e+00]
 [ 9.62040553e-01  3.79278582e+00]
 [ 5.15806550e+00  9.83366214e+00]
 [-1.06794148e+00  1.98309390e+00]
 [-1.95038138e-01  2.50509308e+00]
 [-1.08413906e+00  7.38375974e-01]
 [-1.36373803e+00  3.05921503e-01]
 [-1.29662124e+00  4.25679565e-01]
 [-9.65456569e-01  8.05894423e-01]
 [-7.27046093e-01  8.38005058e-03]
 [-2.45560995e-01  3.76563826e-01]
 [-4.63352857e-01  3.60863212e-01]
 [-3.33558483e+00 -6.19743910e-01]
 [-3.24623059e+00 -4.60302061e-01]
 [-3.11521846e+00 -5.40808596e-01]
 [-3.20500661e+00 -3.86742891e-01]
 [-3.07466667e+00 -4.68448848e-01]
 [-2.20408469e+00 -6.92177544e-01]
 [-7.42902389e-01 -5.34336871e-01]
 [-1.43563960e+00 -8.65373243e-01]
 [-5.32871274e+00  9.80017182e-01]
 [-4.82539717e+00  6.98509341e-01]
 [-2.23269022e+00  3.48185127e-01]
 [-2.32118846e+00  2.46644203e-01]
 [-1.84502371e+00  7.29998162e-01]
 [-7.61539285e-01  1.24739104e+00]
 [-1.52594330e+00 -1.93793780e-01]
 [-1.71586770e+00 -4.12913852e-01]
 [-1.49734306e+00 -3.77504169e-01]
 [-1.32479117e+00 -1.43753350e-01]
 [-2.64176962e-01  2.28737988e-01]
 [-1.96672264e-01  3.27406855e-01]
 [-3.27537823e+00  1.96376063e-01]
 [-3.23029477e+00  2.76833044e-01]
 [-2.96215869e+00  4.43539520e-01]
 [-3.22070146e+00 -4.06466626e-01]
 [-2.92981106e+00 -2.52057546e-01]
 [-8.03339341e-01 -1.00979845e+00]
 [-1.82761487e+00  8.32674334e-01]
 [ 5.42403863e-02 -6.76777160e-01]
 [ 1.47609428e+00 -8.01361539e-01]
 [-1.95451894e-01 -5.88564597e-01]
 [-7.40832655e-02 -3.96002689e-01]
 [-1.97377420e+00 -9.78272588e-01]
 [-4.99540379e-01 -5.52729002e-01]
 [-3.84866587e-01 -4.19973385e-01]
 [-1.76221089e+00 -1.20989208e+00]
 [-6.44235773e-02 -7.72057020e-01]
 [ 6.69197417e-02 -5.61657226e-01]
 [-3.07469590e+00  5.41639513e-01]
 [-4.32738711e+00 -2.02753678e-01]
 [-4.29565702e+00 -1.70119679e-01]
 [-4.28860219e+00 -1.57532040e-01]
 [-5.98672380e+00  8.38606746e-01]
 [-5.60509985e+00  8.74606384e-01]
 [-5.96278064e+00  8.59557847e-01]
 [ 5.95114594e-01 -3.40233748e-01]
 [ 4.71921416e+00  1.40607720e-01]
 [-3.65416545e+00 -1.80814589e-01]
 [-4.03041103e+00  1.50896659e+00]
 [-6.17792729e+00 -3.42112954e-01]
 [-2.50038963e+00  5.77467640e-01]
 [ 4.33990152e+00 -1.94432720e+00]
 [ 1.52971133e+00 -2.23135167e+00]
 [ 1.68811436e+00 -1.99774141e+00]
 [-3.32630973e+00  3.72594179e-01]
 [-2.99967649e+00  5.87831443e-01]
 [-3.02854976e+00  6.95372835e-02]
 [-1.58538156e+00  7.71192124e-01]
 [-4.82323989e+00  1.44499704e-01]
 [-3.28732241e+00  7.75681568e-01]
 [-3.13925126e+00  6.71931956e-01]
 [-1.93461164e+00 -3.03966066e-01]
 [-1.98809607e+00 -3.59349131e-01]
 [-1.76082761e-01  1.59100819e-01]
 [ 1.49452661e+00  8.65610822e-01]
 [ 1.43291848e+00  8.14239067e-01]
 [ 2.24760660e+00 -1.00017865e+00]
 [-4.05746216e-01  3.26249384e-01]
 [-1.33180581e-02  6.16697487e-01]
 [-2.44078079e+00  4.35771992e-01]
 [-3.60913291e-01 -1.96767238e-03]
 [-2.86865969e-01  3.46310537e-01]
 [ 3.03002528e-01  7.16321785e-01]
 [ 3.63774334e-02 -2.91283263e-01]
 [ 3.48001230e-01 -1.68772556e-01]
 [ 1.02847595e+00  4.30126363e-01]
 [-2.34851831e+00  4.09429185e-01]
 [ 6.11243689e-02 -3.07603413e-01]
 [ 2.31125250e+00 -4.07033349e-01]]
================================================================================================================================================================================================================================================

projection of X onto SVD
[[ 1.56744306e+00 -4.47272458e-01]
 [ 1.63564834e+00 -3.39731947e-01]
 [ 1.90661858e+00 -4.11138604e-01]
 [ 1.59019865e+00  3.86257937e+00]
 [-2.65476353e+00  6.54451333e-01]
 [ 4.41242547e-01  8.11070504e-02]
 [-1.53811110e+00  2.83394434e-02]
 [-2.03640834e+00 -6.19046098e-02]
 [-1.53394298e+00  2.32204207e-01]
 [ 1.50991568e-01  8.01869007e-01]
 [-4.10093263e-01  4.70936361e-01]
 [-2.26164654e-02  5.25802776e-01]
 [ 2.28169406e-02  5.68508346e-01]
 [ 5.22114268e-01  8.47423195e-01]
 [ 9.05782150e-01  2.53106125e-01]
 [ 3.47286547e-01 -1.13869504e-01]
 [ 9.14388643e-01 -1.80059778e-02]
 [ 8.08716278e-01 -3.78180128e-02]
 [ 2.49964082e+00  7.93726953e-01]
 [ 4.38344059e+00  3.93265772e-01]
 [ 2.35761304e+00  1.78208990e+00]
 [ 2.39109462e+00  1.76266442e+00]
 [ 4.91430218e+00  2.49237832e+00]
 [-1.96412664e+00  1.36078254e+00]
 [-1.78272147e+00  1.60971348e+00]
 [-5.64239760e-01  1.84375837e+00]
 [-1.03294129e+00  2.42470970e-01]
 [-9.62551800e-01  3.26467767e-01]
 [-4.28806109e-01  5.88408164e-01]
 [-7.02732308e-01  2.72964337e-01]
 [-5.15310364e-01  3.67353740e-01]
 [-4.71163505e-01  7.93574640e-01]
 [ 6.93272831e-02  1.03683746e+00]
 [-5.11275112e-01  7.22003815e-01]
 [-3.15599993e-01  7.60359057e-01]
 [ 3.94494823e-01 -5.04894522e-01]
 [ 7.38639027e-01 -1.18152709e-01]
 [ 2.88802054e+00  7.86909826e-01]
 [ 3.99822210e+00  6.92305960e-01]
 [ 4.45177167e+00  3.81480982e-01]
 [ 1.15868104e+00  1.57737651e+00]
 [ 1.61237188e+00  1.89322005e+00]
 [ 1.04083449e+00 -3.87099227e-02]
 [ 3.47011998e+00  7.22935891e-01]
 [-1.51289496e+00  1.47226832e+00]
 [-1.04624342e+00  1.95840983e+00]
 [-2.32194350e-01 -1.21785109e+00]
 [ 7.13481551e-01 -1.37173033e+00]
 [ 8.79781112e-01 -1.10112676e+00]
 [ 1.35165449e+00 -1.42405605e+00]
 [ 1.88367522e+00 -1.05996284e+00]
 [ 2.68268633e+00 -7.12040476e-01]
 [ 8.02687562e-01 -7.30544679e-01]
 [ 2.64888170e-01 -1.05099786e+00]
 [ 6.71711738e-01 -1.15282019e+00]
 [ 9.69373549e-01 -4.36005164e-01]
 [ 2.99266846e+00 -5.64883118e-01]
 [ 3.27288686e+00 -2.28630241e-01]
 [ 5.17444141e+00 -7.27837069e-01]
 [ 2.92086507e+00 -1.79874746e-01]
 [ 3.50393084e+00  4.87433867e-02]
 [ 2.90772571e+00  2.81013148e+00]
 [-4.53334106e+00  2.90419580e-01]
 [ 2.43427168e+00 -1.67554143e+00]
 [-4.79149398e+00  7.71420997e-01]
 [-3.20754912e+00 -6.14346171e-01]
 [-3.26199185e+00 -5.25672364e-01]
 [-3.15942711e+00 -5.28477218e-01]
 [ 2.46188769e+00  1.24338576e+00]
 [ 2.64643439e+00  1.57046505e+00]
 [-5.64569406e-02 -1.51873300e+00]
 [ 4.27778186e-01 -1.29127685e+00]
 [ 9.78809861e-01 -1.00709398e+00]
 [-2.26370423e+00 -8.81770289e-01]
 [-6.88682682e-01 -5.23318457e-01]
 [-7.63543834e-01 -3.81229242e-01]
 [-3.35613555e-01 -8.25805107e-01]
 [-1.56944850e-01 -1.43086021e+00]
 [ 5.75210220e-01 -1.25141888e+00]
 [ 5.59372841e+00 -2.60046826e+00]
 [ 4.65529650e+00 -1.17816464e+00]
 [-1.82799619e+00  9.99564181e-01]
 [ 2.31803627e+00 -1.00185215e+00]
 [ 3.53384486e-01 -8.66921968e-01]
 [ 1.14457520e+00 -1.00206650e+00]
 [ 1.29140843e+00 -8.34876582e-01]
 [ 3.47656443e-01 -1.76562067e+00]
 [ 1.09965378e+00 -1.52615507e+00]
 [-8.40643142e-01  1.81599548e+00]
 [ 2.54756113e+00 -1.86981056e+00]
 [-2.58378347e+00  1.70047811e-01]
 [-1.82948473e+00  8.18818258e-01]
 [-2.47450493e+00  3.60678231e-01]
 [-1.60870534e+00 -1.14651235e+00]
 [-5.65220460e-01 -7.14487589e-01]
 [-1.98909877e+00 -2.19480543e-01]
 [-4.06210077e-01 -1.20944223e-01]
 [ 1.64251636e+00 -2.43742881e+00]
 [ 2.49975001e+00 -1.84525705e+00]
 [-1.48613912e-02 -2.14341420e+00]
 [ 3.60500561e+00 -1.85179536e+00]
 [ 2.39811223e+00 -2.14527307e+00]
 [ 1.08634668e+00 -1.57612202e+00]
 [ 2.96539999e-01 -1.83379834e+00]
 [-3.79056785e+00 -2.75748807e-01]
 [-3.73260984e+00 -2.21323659e-01]
 [-1.44431200e+00 -1.15824017e+00]
 [-1.40969996e+00 -1.08885778e+00]
 [ 2.80035990e+00 -2.31457574e+00]
 [ 2.87386028e+00 -2.18348858e+00]
 [ 3.02029255e+00 -1.98126880e+00]
 [-5.56684509e-01  2.44267852e-01]
 [ 4.10184280e+00 -2.19314948e+00]
 [ 1.80516325e+00 -1.02210935e+00]
 [-3.95050227e+00 -6.55720874e-02]
 [-3.59072066e+00  1.07155046e-01]
 [-2.67386392e+00  4.28807288e-01]
 [-3.29614914e+00 -1.27223318e-01]
 [-3.54694020e+00  9.27400064e-02]
 [-3.64673120e+00  6.81727363e-04]
 [ 2.16632153e+00 -2.40284686e+00]
 [-5.21554615e-01 -4.74031989e-01]
 [ 1.22161854e+00  4.17525374e-01]
 [-2.04479187e-01 -1.45818252e+00]
 [ 4.96742259e-02 -1.41266014e+00]
 [ 1.82587169e-01 -1.15630110e+00]
 [ 1.75029340e+00  4.50247531e-01]
 [ 3.68921496e+00 -2.48458109e+00]
 [ 1.99056727e+00 -1.64975444e+00]
 [ 4.15185785e+00 -1.54140042e+00]
 [ 6.74196916e+00 -2.59944775e+00]
 [-2.17287603e+00 -6.80145097e-01]
 [-3.98989939e-01 -7.60402228e-02]
 [-2.26192485e+00 -7.81334251e-01]
 [-2.18102093e-01 -5.72894970e-01]
 [-4.00126616e+00 -1.19508003e-01]
 [-4.39883279e+00 -2.52381246e-01]
 [-4.89634024e+00 -2.31457617e-01]
 [-4.20307600e+00 -2.41314223e-01]
 [-3.21807286e+00  5.60102277e-01]
 [-5.72150410e+00 -2.09570276e-01]
 [-1.68117329e+00 -3.21077353e-01]
 [-1.69040962e+00 -1.22520414e-01]
 [-8.69520656e+00  9.61751168e-01]
 [ 1.92730333e+00 -1.93787124e+00]
 [ 1.83464108e+00 -2.04333047e+00]
 [ 1.54734354e+00 -9.13780949e-01]
 [-1.89945869e+00  1.82937995e+00]
 [ 6.75491429e+00 -1.33766133e+00]
 [-4.69603286e+00  3.87275288e-01]
 [-4.64712746e+00  4.36414859e-01]
 [-4.62105094e+00  4.29601030e-01]
 [-3.35966280e+00 -3.53945546e-01]
 [-3.31798672e+00 -2.79581416e-01]
 [-3.28793562e+00 -2.94544317e-01]
 [-6.52372200e-01 -3.66316591e-01]
 [-6.69353548e-01 -8.17020711e-01]
 [-6.44138435e-01 -7.72041762e-01]
 [-1.47494619e+00  2.78657943e-01]
 [ 4.01739492e-01 -8.58976712e-01]
 [ 4.44158389e-01 -7.83291934e-01]
 [ 1.98688604e+00 -6.04108892e-01]
 [ 3.32079950e+00 -3.50680684e-01]
 [ 3.93870584e-01 -1.12044195e-01]
 [ 7.27382884e-01 -1.05157765e-01]
 [ 6.62617497e-01 -3.73565661e-03]
 [ 4.38511858e-01 -7.93805809e-02]
 [ 2.60149089e+00  5.84781324e-01]
 [ 3.35546972e+00  4.67552705e-01]
 [ 3.74817848e+00 -2.55799791e+00]
 [ 3.54082925e-02 -3.28055533e-01]
 [ 1.20275004e+00 -1.93666613e-01]
 [ 2.43134693e+00  4.02854434e-01]
 [ 3.57717780e+00  1.39642830e+00]
 [ 3.29940874e+00  7.49792368e-01]
 [-3.34282717e-01 -3.96408482e-02]
 [ 1.99349721e-01  2.70435625e-01]
 [ 3.05873910e+00  3.20367418e-01]
 [ 4.24184144e+00  1.40983721e+00]
 [ 2.35568386e+00  2.39918275e+00]
 [ 2.58526651e+00  2.59001338e+00]
 [ 3.43502842e+00  3.35821627e+00]
 [ 3.65316303e+00  3.55474706e+00]
 [ 7.84108157e-01 -2.52691738e-01]
 [-1.21383648e+00 -5.64699043e-01]
 [-8.30655951e-01  1.85213795e+00]
 [-1.83839991e+00 -1.19182719e+00]
 [-7.41006302e-01 -8.42034551e-01]
 [-4.32447630e+00  4.37198178e-01]
 [-4.48815081e+00  4.05035435e-01]
 [-4.42288317e+00  4.73599447e-01]
 [ 1.70626394e+00 -2.03850857e+00]
 [ 7.53647864e-01 -8.33639810e-01]
 [-3.36417731e+00 -3.57484381e-01]
 [-3.31831056e+00 -3.02849592e-01]
 [-3.28491939e+00 -2.55244247e-01]
 [ 2.75022807e+00  3.40432530e-01]
 [-4.88314352e-01  2.15106031e-01]
 [ 5.10153978e+00  7.34918191e-01]
 [ 9.93930775e-02 -1.45492022e-01]
 [ 6.99209943e-01  8.85814496e-02]
 [ 2.28554605e+00  8.30788627e-01]
 [ 3.18416200e+00 -5.61841424e-02]
 [-4.59022857e-01  6.38296410e-01]
 [-3.54191411e-01  6.97443181e-01]
 [-2.93502457e-01  6.69652922e-01]
 [ 2.88476921e+00  4.24993370e-01]
 [ 4.66460780e+00  1.79701776e-01]
 [ 2.34197774e+00  2.14972228e+00]
 [ 1.05713434e+00  2.69640846e-02]
 [ 4.05206388e+00 -4.48212120e-01]
 [ 8.52162044e-01 -8.74458274e-01]
 [ 9.69177160e-01 -6.65674275e-01]
 [ 2.35734578e+00 -2.37564735e-01]
 [ 2.44776656e+00 -7.62316447e-02]
 [ 5.88458627e+00 -1.39089792e+00]
 [ 3.65064149e+00 -1.77141367e+00]
 [ 3.73334990e+00 -1.62384134e+00]
 [ 4.27313133e+00 -1.92551735e+00]
 [-2.16309964e+00 -6.78984847e-01]
 [ 5.25020324e-01 -7.57643153e-01]
 [-3.92353051e+00  1.84269442e+00]
 [-3.84806035e+00  1.97735892e+00]
 [-1.99785247e+00 -3.37624612e-01]
 [ 1.37655823e+00  2.04217537e+00]
 [-1.96674420e+00  8.16366577e-02]
 [-5.55695633e-01  3.88844413e-01]
 [-7.27217807e-01  3.72861291e-01]
 [-6.35699221e-01  4.31389546e-01]
 [-1.75159354e-01  7.94237217e-01]
 [-3.75950190e-01  3.52947993e-01]
 [-1.71846863e-01  7.17145577e-01]
 [ 4.53421147e+00  2.41628694e+00]
 [ 8.01434732e+00  4.95491383e+00]
 [ 3.72281222e-01  8.44841148e-01]
 [ 2.33967687e+00  1.69478133e+00]
 [ 1.14053547e+00  3.79264873e-01]
 [ 9.15061679e-01  3.37279899e-01]
 [ 3.31103826e+00  1.22162413e+00]
 [ 3.24006692e+00  1.16580646e+00]
 [ 4.91688280e+00  1.82308824e+00]
 [ 3.58463919e+00  5.22595102e-01]
 [ 3.86180066e+00  6.11227666e-01]
 [ 4.90311072e+00  1.27401236e+00]
 [ 3.55570811e+00  3.60184197e+00]
 [ 5.74723726e+00  5.86194668e+00]
 [ 7.03712661e+00  6.26411638e+00]
 [-2.21505312e+00  2.15119834e+00]
 [ 3.80037947e-01  3.63783709e+00]
 [ 2.80795786e+00 -2.29557071e+00]
 [ 2.93124193e+00 -2.07565773e+00]
 [ 2.96581458e+00 -2.01397154e+00]
 [ 3.59284655e+00 -1.54840452e+00]
 [ 2.60267189e+00 -2.08480223e+00]
 [ 1.65841641e+00 -9.87046802e-01]
 [ 5.37345872e-02 -1.39561615e+00]
 [-1.33419668e-01 -1.46468708e+00]
 [ 2.53486191e-01 -1.16306876e+00]
 [-4.84786750e+00  1.24930502e+00]
 [-4.11663112e+00  1.53183946e+00]
 [ 3.62696224e-01 -3.56078627e-01]
 [-1.02912104e+00  5.10964197e-01]
 [-9.51593724e-01  5.89425541e-01]
 [ 1.44849715e+00 -7.58968071e-01]
 [ 6.30220638e-01 -6.08388068e-01]
 [-9.26458516e-01  6.14657700e-01]
 [ 2.15055676e+00 -9.18300038e-01]
 [-1.91213626e+00 -2.73060693e-01]
 [-9.40171491e-02  7.21174625e-01]
 [ 2.18068354e-01  1.01673913e+00]
 [-1.23594798e+00 -1.05023030e+00]
 [ 5.52795495e-02 -5.16867553e-01]
 [ 5.89437533e-01 -6.14670872e-01]
 [ 6.43153017e-01 -5.22091493e-01]
 [ 9.25769686e-01 -6.85287387e-01]
 [ 8.91210734e-01 -1.44686537e-01]
 [ 5.06559685e+00 -2.18135172e+00]
 [ 2.04339105e+00 -2.60030528e+00]
 [ 2.44540334e+00 -2.26047849e+00]
 [-3.93750441e+00 -1.46153219e-01]
 [-3.85566517e+00 -7.41865733e-02]
 [-2.59782885e+00  1.91596223e-01]
 [-3.61214832e-02 -2.27280234e-01]
 [-6.83455800e-01 -4.67899555e-01]
 [-2.26725794e+00 -8.71312403e-01]
 [ 1.09219806e+00 -1.74700627e+00]
 [ 1.78273519e-01 -9.33977355e-01]
 [ 4.35126082e+00  5.57073760e-01]
 [-6.93896425e-01 -4.76563806e-01]
 [ 4.07529257e-01 -1.44744497e+00]
 [ 4.61823030e-01 -1.35818817e+00]
 [ 3.18313493e-01 -1.04271317e+00]
 [ 1.59700782e+00 -1.79353290e+00]
 [-2.88369521e+00 -4.79067832e-01]
 [-2.82444668e+00 -3.73356340e-01]
 [-3.60757465e+00 -1.87121978e-01]
 [ 1.03263332e+00  3.90131635e+00]
 [ 1.53737294e+00  3.89209325e+00]
 [ 9.62040553e-01  3.79278582e+00]
 [ 5.15806550e+00  9.83366214e+00]
 [-1.06794148e+00  1.98309390e+00]
 [-1.95038138e-01  2.50509308e+00]
 [-1.08413906e+00  7.38375974e-01]
 [-1.36373803e+00  3.05921503e-01]
 [-1.29662124e+00  4.25679565e-01]
 [-9.65456569e-01  8.05894423e-01]
 [-7.27046093e-01  8.38005058e-03]
 [-2.45560995e-01  3.76563826e-01]
 [-4.63352857e-01  3.60863212e-01]
 [-3.33558483e+00 -6.19743910e-01]
 [-3.24623059e+00 -4.60302061e-01]
 [-3.11521846e+00 -5.40808596e-01]
 [-3.20500661e+00 -3.86742891e-01]
 [-3.07466667e+00 -4.68448848e-01]
 [-2.20408469e+00 -6.92177544e-01]
 [-7.42902389e-01 -5.34336871e-01]
 [-1.43563960e+00 -8.65373243e-01]
 [-5.32871274e+00  9.80017182e-01]
 [-4.82539717e+00  6.98509341e-01]
 [-2.23269022e+00  3.48185127e-01]
 [-2.32118846e+00  2.46644203e-01]
 [-1.84502371e+00  7.29998162e-01]
 [-7.61539285e-01  1.24739104e+00]
 [-1.52594330e+00 -1.93793780e-01]
 [-1.71586770e+00 -4.12913852e-01]
 [-1.49734306e+00 -3.77504169e-01]
 [-1.32479117e+00 -1.43753350e-01]
 [-2.64176962e-01  2.28737988e-01]
 [-1.96672264e-01  3.27406855e-01]
 [-3.27537823e+00  1.96376063e-01]
 [-3.23029477e+00  2.76833044e-01]
 [-2.96215869e+00  4.43539520e-01]
 [-3.22070146e+00 -4.06466626e-01]
 [-2.92981106e+00 -2.52057546e-01]
 [-8.03339341e-01 -1.00979845e+00]
 [-1.82761487e+00  8.32674334e-01]
 [ 5.42403863e-02 -6.76777160e-01]
 [ 1.47609428e+00 -8.01361539e-01]
 [-1.95451894e-01 -5.88564597e-01]
 [-7.40832655e-02 -3.96002689e-01]
 [-1.97377420e+00 -9.78272588e-01]
 [-4.99540379e-01 -5.52729002e-01]
 [-3.84866587e-01 -4.19973385e-01]
 [-1.76221089e+00 -1.20989208e+00]
 [-6.44235773e-02 -7.72057020e-01]
 [ 6.69197417e-02 -5.61657226e-01]
 [-3.07469590e+00  5.41639513e-01]
 [-4.32738711e+00 -2.02753678e-01]
 [-4.29565702e+00 -1.70119679e-01]
 [-4.28860219e+00 -1.57532040e-01]
 [-5.98672380e+00  8.38606746e-01]
 [-5.60509985e+00  8.74606384e-01]
 [-5.96278064e+00  8.59557847e-01]
 [ 5.95114594e-01 -3.40233748e-01]
 [ 4.71921416e+00  1.40607720e-01]
 [-3.65416545e+00 -1.80814589e-01]
 [-4.03041103e+00  1.50896659e+00]
 [-6.17792729e+00 -3.42112954e-01]
 [-2.50038963e+00  5.77467640e-01]
 [ 4.33990152e+00 -1.94432720e+00]
 [ 1.52971133e+00 -2.23135167e+00]
 [ 1.68811436e+00 -1.99774141e+00]
 [-3.32630973e+00  3.72594179e-01]
 [-2.99967649e+00  5.87831443e-01]
 [-3.02854976e+00  6.95372835e-02]
 [-1.58538156e+00  7.71192124e-01]
 [-4.82323989e+00  1.44499704e-01]
 [-3.28732241e+00  7.75681568e-01]
 [-3.13925126e+00  6.71931956e-01]
 [-1.93461164e+00 -3.03966066e-01]
 [-1.98809607e+00 -3.59349131e-01]
 [-1.76082761e-01  1.59100819e-01]
 [ 1.49452661e+00  8.65610822e-01]
 [ 1.43291848e+00  8.14239067e-01]
 [ 2.24760660e+00 -1.00017865e+00]
 [-4.05746216e-01  3.26249384e-01]
 [-1.33180581e-02  6.16697487e-01]
 [-2.44078079e+00  4.35771992e-01]
 [-3.60913291e-01 -1.96767238e-03]
 [-2.86865969e-01  3.46310537e-01]
 [ 3.03002528e-01  7.16321785e-01]
 [ 3.63774334e-02 -2.91283263e-01]
 [ 3.48001230e-01 -1.68772556e-01]
 [ 1.02847595e+00  4.30126363e-01]
 [-2.34851831e+00  4.09429185e-01]
 [ 6.11243689e-02 -3.07603413e-01]
 [ 2.31125250e+00 -4.07033349e-01]]

checking if PCA pc are orthogonal: -0.0
checking if SVD pc are orthogonal: 0.0
             PCA            ||            SVD                        
============================================================
0.2637504434, 0.4685086975   ||   -0.2637504434, -0.4685086975
0.2623186388, 0.4701465851   ||   -0.2623186388, -0.4701465851
0.347080492, -0.0153471865   ||   -0.347080492, 0.0153471865
0.3341887576, 0.0780320109   ||   -0.3341887576, -0.0780320109
0.3186022585, 0.2922134761   ||   -0.3186022585, -0.2922134761
-0.3104817267, -0.0033659358   ||   0.3104817267, 0.0033659358
-0.3065886386, -0.0109644601   ||   0.3065886386, 0.0109644601
0.3363293669, -0.1674635715   ||   -0.3363293669, 0.1674635715
0.2662100336, -0.418177107   ||   -0.2662100336, 0.418177107
0.2567901877, -0.4084113807   ||   -0.2567901877, 0.4084113807
0.2960545914, -0.3128913502   ||   -0.2960545914, 0.3128913502

